0,0525
0,055
0,05875
0,06125
0,0625
0,05875
0,06375
0,0675
0,07
0,07125
0,07125
0,07
0,0775
0,085
0,08125
0,09
0,0725
0,07375
0,075
0,07375
0,07875
0,065
0,07125
0,0725
0,075
0,07375
0,09125
0,08375
0,07375
0,10125
0,07625
0,07625
0,07625
0,0775
0,0825
0,06625
0,0525
0,07625
0,0725
0,0775
0,07875
0,09875
0,09375
0,08
0,0775
0,07875
0,0775
0,08
0,085
0,07875
0,06625
0,06875
0,08125
0,08125
0,07875
0,0875
0,09
0,0825
0,08125
0,08125
0,08875
0,08375
0,095
0,08875
0,0825
0,09625
0,0875
0,08
0,09875
0,07375
0,09375
0,08375
0,0825
0,08
0,08875
0,0825
0,08375
0,1075
0,08375
0,08625
0,085
0,0875
0,085
0,10625
0,07375
0,08375
0,0925
0,08875
0,08875
0,08625
0,09125
0,085
0,07875
0,08875
0,08875
0,09375
0,08875
0,07
0,095
0,11125
0,09
0,09125
0,09
0,09
0,07
0,09375
0,0725
0,095
0,0875
0,0925
0,09125
0,0925
0,095
0,10625
0,08125
0,09625
0,09625
0,0925
0,09375
0,09875
0,08125
0,08875
0,0925
0,095
0,09375
0,11375
0,0925
0,09875
0,09375
0,09375
0,09625
0,11
0,0775
0,1025
0,0925
0,0975
0,10375
0,09875
0,08
0,10125
0,075
0,0975
0,11
0,0975
0,09875
0,085
0,08125
0,09875
0,09875
0,0925
0,1
0,1
0,1
0,10125
0,10375
0,10875
0,10625
0,0975
0,1025
0,10125
0,1075
0,13
0,1125
0,1025
0,1025
0,1025
0,10375
0,10625
0,1075
0,11125
0,115
0,10375
0,10375
0,1075
0,11125
0,0975
0,09375
0,08625
0,10625
0,10625
0,11625
0,10875
0,08875
0,1075
0,1
0,09625
0,10875
0,1075
0,10875
0,1075
0,10375
0,1125
0,09125
0,11125
0,115
0,1125
0,1125
0,10375
0,11125
0,11125
0,10875
0,1075
0,11
0,135
0,11
0,115
0,115
0,11375
0,115
0,10375
0,1125
0,1
0,11625
0,11875
0,11625
0,11625
0,12625
0,11125
0,13375
0,1275
0,1175
0,11625
0,1175
0,1175
0,11375
0,11875
0,12375
0,14
0,11875
0,12125
0,12
0,11
0,12375
0,1
0,12
0,12125
0,1225
0,12375
0,1175
0,1125
0,14
0,12125
0,1225
0,1225
0,12375
0,125
0,15125
0,12375
0,09875
0,12375
0,12375
0,125
0,13375
0,14625
0,15
0,1225
0,12125
0,125
0,12875
0,1275
0,135
0,13125
0,12125
0,12625
0,125
0,1275
0,12625
0,12625
0,1275
0,13375
0,12625
0,115
0,125
0,1125
0,1225
0,13
0,1275
0,12625
0,12625
0,14125
0,13375
0,14
0,14
0,12875
0,12875
0,1225
0,13375
0,1425
0,14
0,13125
0,13125
0,1325
0,1325
0,1275
0,14
0,12375
0,13
0,11375
0,1325
0,1325
0,135
0,13
0,12125
0,14625
0,13375
0,1325
0,14125
0,135
0,12125
0,13375
0,1325
0,135
0,13375
0,13625
0,1275
0,135
0,1325
0,11625
0,14
0,13375
0,13625
0,13625
0,13375
0,15875
0,1425
0,13625
0,13625
0,13875
0,135
0,16125
0,13875
0,125
0,1225
0,1375
0,14125
0,14
0,13875
0,14125
0,1525
0,14
0,1375
0,13875
0,1375
0,15
0,15
0,14
0,1325
0,14125
0,13625
0,14125
0,145
0,115
0,14
0,14
0,1425
0,13625
0,125
0,14625
0,1375
0,14
0,14125
0,14375
0,14375
0,14375
0,135
0,14625
0,12875
0,14875
0,1425
0,14375
0,14375
0,13625
0,13375
0,14875
0,14875
0,145
0,14375
0,14
0,1525
0,13375
0,1425
0,14875
0,14625
0,14625
0,145
0,155
0,15375
0,12125
0,145
0,1475
0,14375
0,1475
0,1475
0,15875
0,1575
0,1475
0,1475
0,14
0,1525
0,145
0,14625
0,14625
0,135
0,14875
0,15
0,15
0,1525
0,1525
0,16125
0,15125
0,15375
0,15
0,1725
0,14125
0,15125
0,1525
0,1525
0,14875
0,175
0,15875
0,13375
0,13875
0,155
0,15375
0,155
0,155
0,15125
0,1575
0,1425
0,15375
0,155
0,155
0,1575
0,1475
0,15125
0,15625
0,15
0,15625
0,15375
0,15625
0,155
0,14375
0,17
0,16875
0,155
0,1575
0,15625
0,1525
0,16375
0,15625
0,15625
0,16
0,1575
0,1575
0,16125
0,16125
0,165
0,16875
0,15875
0,1575
0,16
0,15875
0,17375
0,155
0,1725
0,15875
0,16125
0,15125
0,15875
0,14875
0,16875
0,17625
0,18375
0,16125
0,16
0,1625
0,165
0,18125
0,14375
0,16375
0,1525
0,16125
0,1625
0,16875
0,17875
0,165
0,17
0,1625
0,16
0,13
0,16375
0,18
0,16625
0,16625
0,165
0,16
0,16625
0,19875
0,1625
0,1675
0,16375
0,16625
0,16625
0,16875
0,175
0,17625
0,16625
0,16625
0,16625
0,165
0,16875
0,16125
0,18125
0,1675
0,16875
0,16875
0,16875
0,16625
0,18
0,15625
0,15375
0,17125
0,17125
0,17
0,17375
0,16875
0,165
0,1625
0,17
0,17125
0,175
0,17125
0,17
0,19
0,1725
0,1725
0,1725
0,17375
0,17
0,17
0,1825
0,175
0,165
0,1725
0,1725
0,1725
0,1575
0,145
0,14875
0,17375
0,175
0,1925
0,1825
0,1575
0,17375
0,17625
0,17625
0,1725
0,16875
0,14875
0,1625
0,17875
0,1775
0,17625
0,17625
0,18125
0,1775
0,18
0,16375
0,17125
0,175
0,17625
0,1775
0,17125
0,19625
0,18125
0,1775
0,17875
0,16875
0,18125
0,18
0,18375
0,17125
0,16875
0,18
0,18125
0,18625
0,18375
0,16125
0,18
0,17875
0,1825
0,18625
0,18375
0,18375
0,185
0,17625
0,18875
0,1825
0,1825
0,18375
0,18375
0,175
0,195
0,18875
0,1825
0,18375
0,17875
0,1775
0,185
0,19125
0,18875
0,195
0,18625
0,185
0,18
0,18875
0,1925
0,19625
0,18625
0,18375
0,1875
0,18375
0,205
0,19375
0,19
0,18625
0,18625
0,18625
0,17875
0,19
0,2025
0,1875
0,18875
0,18875
0,2025
0,2025
0,19375
0,2075
0,1875
0,19625
0,19125
0,19
0,18625
0,19125
0,14625
0,22
0,19125
0,19125
0,19125
0,19125
0,19375
0,2025
0,1875
0,19125
0,1925
0,2025
0,18875
0,19125
0,185
0,19125
0,1925
0,19375
0,18375
0,19
0,2
0,18875
0,18625
0,195
0,1875
0,1975
0,19625
0,1925
0,2025
0,18125
0,19625
0,1925
0,19375
0,19625
0,205
0,17625
0,16875
0,19375
0,19375
0,19875
0,1975
0,1975
0,18875
0,2
0,195
0,19875
0,19875
0,2
0,205
0,2
0,205
0,205
0,19625
0,20125
0,21
0,19625
0,2
0,2025
0,20375
0,2
0,1975
0,22125
0,1925
0,20125
0,20125
0,20375
0,205
0,2225
0,20375
0,19125
0,20125
0,2025
0,20375
0,20375
0,205
0,215
0,2125
0,1975
0,21125
0,205
0,2025
0,19625
0,21125
0,2
0,20125
0,20375
0,205
0,205
0,20625
0,2025
0,22
0,19625
0,20625
0,20625
0,205
0,2075
0,20875
0,21375
0,21625
0,1975
0,2075
0,21
0,20625
0,21
0,215
0,19375
0,18625
0,21375
0,20875
0,20125
0,20625
0,21625
0,2025
0,22625
0,21
0,21125
0,2125
0,19375
0,20625
0,20375
0,20625
0,21125
0,2125
0,21875
0,21125
0,22125
0,21375
0,21125
0,21375
0,21375
0,21625
0,21
0,20125
0,2225
0,215
0,21375
0,215
0,21375
0,2125
0,21375
0,20875
0,21625
0,21625
0,21625
0,215
0,2175
0,215
0,24
0,19875
0,21875
0,21625
0,22
0,215
0,2
0,20875
0,2325
0,21875
0,21875
0,22
0,22125
0,20125
0,22875
0,22625
0,22375
0,21875
0,22
0,2225
0,22625
0,22375
0,20875
0,2075
0,2225
0,22375
0,2225
0,22625
0,23
0,23125
0,22
0,22625
0,225
0,225
0,2275
0,20875
0,20875
0,21625
0,22875
0,22625
0,2125
0,23
0,21625
0,21
0,22875
0,22625
0,22625
0,2225
0,235
0,23625
0,235
0,22875
0,2225
0,2275
0,20625
0,2225
0,25
0,24125
0,22875
0,22875
0,23
0,2275
0,21875
0,23875
0,24875
0,2425
0,2325
0,2325
0,2325
0,23875
0,2275
0,2375
0,255
0,2325
0,235
0,23625
0,23
0,23
0,24625
0,23375
0,22875
0,2375
0,235
0,23875
0,235
0,23125
0,23375
0,2325
0,23625
0,21875
0,23375
0,235
0,22875
0,21125
0,245
0,23625
0,2325
0,22
0,23625
0,24625
0,26625
0,2425
0,23875
0,23375
0,23875
0,24375
0,23875
0,2375
0,25375
0,23875
0,24
0,23875
0,2425
0,23875
0,2425
0,23875
0,24125
0,24
0,23625
0,2425
0,2425
0,245
0,2525
0,24125
0,24125
0,24125
0,24125
0,2425
0,26
0,2425
0,2425
0,24375
0,24125
0,24375
0,2625
0,22625
0,26125
0,24125
0,2425
0,24375
0,24375
0,24375
0,245
0,24
0,21625
0,24375
0,24625
0,24375
0,25
0,25
0,22875
0,2425
0,25625
0,245
0,24625
0,24625
0,25
0,25
0,25
0,245
0,24625
0,2475
0,24625
0,24625
0,25875
0,2425
0,2475
0,24625
0,24625
0,24625
0,26
0,21875
0,24125
0,24375
0,25125
0,24875
0,2525
0,255
0,2475
0,2475
0,25
0,24875
0,25
0,25125
0,255
0,245
0,25125
0,25125
0,2525
0,23625
0,27625
0,27375
0,22875
0,2525
0,25375
0,2525
0,255
0,2525
0,25875
0,2475
0,2525
0,2575
0,2525
0,255
0,245
0,25125
0,26625
0,23375
0,25375
0,255
0,25875
0,255
0,26125
0,2575
0,25875
0,2525
0,25625
0,255
0,2575
0,265
0,24625
0,26625
0,26375
0,25875
0,25625
0,2625
0,24375
0,26625
0,255
0,26375
0,2675
0,25875
0,25875
0,26
0,2725
0,2675
0,24875
0,25875
0,25875
0,26
0,26125
0,275
0,27875
0,2675
0,26125
0,26
0,26125
0,26125
0,2575
0,26375
0,26
0,26125
0,26125
0,275
0,2475
0,25875
0,26125
0,26375
0,2625
0,2625
0,27125
0,265
0,28625
0,26375
0,26375
0,26375
0,26375
0,26
0,2625
0,24625
0,26375
0,27875
0,265
0,2625
0,25
0,27
0,28375
0,2825
0,2775
0,265
0,26625
0,26625
0,26125
0,26125
0,26
0,24875
0,26625
0,26625
0,2675
0,2875
0,26375
0,2525
0,2675
0,2725
0,2675
0,27125
0,2625
0,24625
0,2475
0,27125
0,26125
0,26875
0,27
0,27
0,285
0,265
0,28125
0,26875
0,27125
0,27125
0,27125
0,26375
0,27375
0,27625
0,27125
0,27125
0,275
0,2725
0,27
0,27
0,29625
0,2725
0,27125
0,275
0,2825
0,28
0,27375
0,27375
0,27375
0,275
0,2725
0,25375
0,27125
0,29
0,275
0,275
0,25875
0,2725
0,275
0,275
0,28625
0,275
0,2925
0,2775
0,2775
0,26875
0,2875
0,28625
0,25875
0,30375
0,27625
0,2775
0,28125
0,28
0,27625
0,24875
0,28
0,27875
0,27875
0,27875
0,26625
0,27875
0,29625
0,26125
0,27875
0,28
0,28
0,2775
0,2775
0,30375
0,2825
0,28
0,28375
0,28
0,2775
0,2825
0,2975
0,285
0,2825
0,2825
0,28375
0,2825
0,28875
0,2675
0,29375
0,2825
0,2825
0,2825
0,2825
0,2825
0,26875
0,2925
0,28
0,285
0,2875
0,2675
0,275
0,285
0,28625
0,28625
0,28625
0,285
0,28625
0,26625
0,28625
0,2875
0,28625
0,285
0,29875
0,26875
0,27875
0,28625
0,2875
0,28625
0,28625
0,29
0,28375
0,2675
0,2625
0,285
0,2875
0,29
0,29125
0,28875
0,29125
0,27875
0,28125
0,29
0,29
0,29
0,295
0,3025
0,29375
0,29875
0,29125
0,29125
0,29125
0,29625
0,2875
0,3025
0,2925
0,28
0,2875
0,30125
0,2925
0,31125
0,28625
0,29375
0,29625
0,2925
0,29125
0,29375
0,2875
0,28625
0,305
0,29375
0,2925
0,29625
0,29375
0,27625
0,27875
0,29125
0,295
0,29375
0,30375
0,29625
0,2975
0,2975
0,295
0,29625
0,29625
0,295
0,28875
0,285
0,3025
0,29875
0,29875
0,2975
0,2975
0,30625
0,3
0,2925
0,2975
0,29625
0,29875
0,29625
0,29375
0,3275
0,30875
0,2825
0,29875
0,30125
0,29875
0,2975
0,2925
0,3025
0,29625
0,30125
0,30125
0,30125
0,28
0,28125
0,30875
0,30125
0,30125
0,30375
0,305
0,30125
0,30375
0,31125
0,32
0,30375
0,30375
0,2975
0,2975
0,29875
0,2975
0,3175
0,305
0,3025
0,30375
0,305
0,3125
0,3125
0,31375
0,3175
0,30625
0,30625
0,3075
0,3025
0,32625
0,32125
0,305
0,30625
0,305
0,31375
0,31375
0,3075
0,3075
0,30875
0,30625
0,31125
0,3275
0,30625
0,30125
0,295
0,3075
0,31
0,305
0,30125
0,3175
0,3175
0,3075
0,30875
0,31
0,31625
0,29
0,31375
0,31125
0,32
0,31125
0,31125
0,31
0,3125
0,3075
0,2925
0,29125
0,3125
0,31
0,31
0,31125
0,30375
0,32875
0,3275
0,31125
0,31125
0,3125
0,335
0,2925
0,31875
0,3325
0,3125
0,31375
0,3125
0,32
0,29625
0,3175
0,33125
0,31625
0,315
0,315
0,31375
0,30625
0,305
0,31
0,305
0,31875
0,31875
0,32
0,3175
0,31375
0,3175
0,32125
0,32375
0,32125
0,31875
0,32875
0,31625
0,32125
0,3225
0,3225
0,3225
0,31125
0,3125
0,31625
0,3275
0,32125
0,32375
0,3225
0,32125
0,31875
0,33625
0,3075
0,325
0,32375
0,3125
0,33875
0,31875
0,33
0,335
0,35
0,32375
0,3275
0,3175
0,33125
0,31
0,34125
0,3175
0,325
0,3275
0,32875
0,34375
0,32375
0,30375
0,33625
0,33125
0,3325
0,33
0,32875
0,33625
0,34125
0,3175
0,35
0,33125
0,33
0,33125
0,3275
0,32875
0,335
0,33
0,33125
0,33
0,33
0,33125
0,33125
0,33625
0,32875
0,33625
0,33125
0,33375
0,33125
0,3275
0,3375
0,31625
0,33375
0,335
0,33375
0,32375
0,32
0,36
0,33
0,33125
0,3425
0,33375
0,33
0,32375
0,3375
0,33375
0,335
0,335
0,3375
0,3325
0,3375
0,34625
0,33625
0,335
0,33625
0,3375
0,33875
0,34125
0,35125
0,33625
0,34125
0,33875
0,33125
0,34
0,3375
0,34125
0,34
0,34875
0,33875
0,34
0,3425
0,32625
0,34
0,34375
0,3475
0,34
0,3375
0,3425
0,34
0,34
0,33375
0,32125
0,33875
0,3425
0,345
0,3425
0,345
0,31625
0,35125
0,35875
0,345
0,3425
0,3425
0,345
0,33625
0,35
0,33
0,3425
0,34375
0,34375
0,34375
0,345
0,34875
0,34125
0,3425
0,33625
0,3525
0,36625
0,33625
0,34375
0,35625
0,34
0,34625
0,345
0,3525
0,36375
0,35375
0,345
0,34875
0,345
0,3475
0,325
0,35625
0,3325
0,3475
0,34875
0,34625
0,3475
0,35
0,345
0,3425
0,35875
0,3675
0,34875
0,34375
0,34625
0,345
0,35125
0,3575
0,35
0,34875
0,34875
0,35375
0,34
0,35125
0,34625
0,37375
0,34625
0,35
0,3525
0,34875
0,355
0,33
0,335
0,35375
0,35375
0,3525
0,3525
0,35
0,3325
0,37
0,35375
0,35
0,35375
0,3525
0,3475
0,3575
0,33375
0,3375
0,3525
0,35375
0,35375
0,33375
0,3425
0,35625
0,335
0,36
0,35
0,35625
0,35125
0,3325
0,355
0,35375
0,3575
0,35625
0,35375
0,3425
0,33875
0,35375
0,3575
0,3575
0,3575
0,35875
0,35625
0,36875
0,3675
0,36625
0,36125
0,3575
0,35875
0,35875
0,365
0,35125
0,35875
0,375
0,36
0,375
0,3625
0,36125
0,36875
0,34625
0,36
0,35375
0,36
0,36125
0,3525
0,365
0,3675
0,36125
0,36125
0,3625
0,3625
0,3625
0,36875
0,33625
0,3425
0,36375
0,36375
0,3625
0,3625
0,37125
0,34875
0,3775
0,36375
0,36375
0,36625
0,36375
0,36375
0,365
0,365
0,37625
0,36625
0,35875
0,365
0,36875
0,39875
0,365
0,36625
0,36625
0,3675
0,365
0,36125
0,38625
0,365
0,37
0,365
0,3675
0,36875
0,36375
0,37125
0,3475
0,36875
0,37
0,3675
0,36
0,365
0,37125
0,4
0,3725
0,37625
0,36875
0,36875
0,3725
0,37
0,37375
0,37875
0,35125
0,38875
0,37
0,37125
0,35
0,3675
0,37125
0,34375
0,35125
0,3725
0,37125
0,3725
0,35875
0,36125
0,3725
0,39375
0,3725
0,37375
0,37375
0,3775
0,37375
0,39625
0,3475
0,3725
0,375
0,3725
0,37375
0,3775
0,3725
0,36875
0,37625
0,375
0,38625
0,37375
0,3725
0,38625
0,36875
0,37625
0,3775
0,37625
0,3825
0,38375
0,3875
0,38
0,3775
0,37625
0,3625
0,37625
0,35875
0,38875
0,4075
0,37625
0,37625
0,37875
0,37
0,37875
0,36125
0,3875
0,37875
0,3775
0,37875
0,37875
0,38125
0,3725
0,3775
0,39375
0,38375
0,37875
0,38
0,38
0,35875
0,3925
0,36875
0,3825
0,38125
0,38125
0,385
0,38375
0,38125
0,3825
0,38375
0,38375
0,3825
0,38125
0,38125
0,38375
0,39
0,3825
0,39
0,38125
0,3825
0,3825
0,38625
0,37375
0,37625
0,3875
0,38875
0,38375
0,385
0,38625
0,385
0,38875
0,38
0,37375
0,38375
0,3875
0,3875
0,39375
0,40625
0,3875
0,38375
0,38875
0,3875
0,3675
0,395
0,39625
0,39125
0,39
0,3925
0,3925
0,36625
0,385
0,3625
0,3925
0,39
0,39
0,37
0,39375
0,39875
0,41125
0,39
0,38875
0,39
0,3875
0,38875
0,38625
0,38625
0,38875
0,37625
0,39
0,39125
0,39
0,39125
0,38875
0,39625
0,39625
0,39375
0,3925
0,3925
0,38875
0,39125
0,405
0,41125
0,38625
0,395
0,395
0,39375
0,4025
0,37875
0,4025
0,4
0,4175
0,395
0,3925
0,41125
0,39375
0,3825
0,38
0,39375
0,39625
0,39625
0,4
0,40625
0,405
0,405
0,39375
0,3975
0,39625
0,39875
0,3975
0,37875
0,3975
0,39625
0,39875
0,3975
0,39125
0,40375
0,40625
0,39875
0,39875
0,405
0,39875
0,4125
0,38625
0,40625
0,39875
0,4025
0,4
0,39375
0,41
0,39125
0,39125
0,37
0,4025
0,40125
0,4
0,40125
0,4
0,4025
0,38625
0,41
0,4025
0,4025
0,4025
0,4
0,40375
0,41625
0,40375
0,4025
0,4025
0,4025
0,405
0,395
0,41
0,40125
0,405
0,38375
0,40375
0,405
0,37625
0,4075
0,4175
0,405
0,405
0,405
0,40625
0,40625
0,3825
0,41125
0,4175
0,415
0,405
0,41
0,41
0,41375
0,39875
0,42
0,4075
0,415
0,41
0,40625
0,38625
0,41625
0,40875
0,40875
0,40625
0,41
0,40625
0,40625
0,41125
0,4075
0,4075
0,41
0,415
0,39125
0,41125
0,4225
0,41
0,4125
0,41
0,42875
0,42625
0,38625
0,4225
0,40625
0,40875
0,41125
0,40875
0,42
0,4125
0,4075
0,42125
0,4175
0,4075
0,4125
0,4125
0,41625
0,4175
0,425
0,39375
0,42
0,405
0,41125
0,41625
0,4175
0,42625
0,42125
0,4225
0,41875
0,41125
0,4175
0,41875
0,42125
0,42
0,42
0,39875
0,44125
0,425
0,42
0,42
0,43125
0,42375
0,42375
0,4125
0,42
0,41875
0,4225
0,4225
0,4325
0,415
0,42125
0,4225
0,4275
0,4225
0,42625
0,40125
0,40375
0,43875
0,425
0,4275
0,425
0,425
0,425
0,4325
0,42625
0,4275
0,425
0,4275
0,42875
0,4275
0,42375
0,42125
0,40125
0,42875
0,42625
0,43375
0,42625
0,4275
0,41875
0,42625
0,4325
0,42875
0,4225
0,43
0,4025
0,4325
0,44125
0,42875
0,43125
0,43125
0,42875
0,42125
0,43375
0,43625
0,43125
0,42375
0,43125
0,43125
0,4325
0,43
0,4325
0,4375
0,46
0,43375
0,43
0,43375
0,435
0,425
0,44125
0,4225
0,41125
0,43625
0,43375
0,43375
0,43625
0,44375
0,42375
0,43
0,43625
0,4375
0,43875
0,43125
0,4375
0,43625
0,4375
0,4375
0,4375
0,4375
0,4725
0,43625
0,4375
0,4375
0,43625
0,43625
0,4375
0,44375
0,43125
0,4375
0,4375
0,43625
0,43875
0,4425
0,45125
0,45625
0,43
0,45125
0,44
0,44
0,44
0,43875
0,42875
0,44875
0,44
0,41875
0,44
0,44375
0,4425
0,44
0,4325
0,4425
0,44
0,44125
0,4275
0,44125
0,47125
0,44625
0,4125
0,44375
0,44125
0,4475
0,445
0,4425
0,465
0,4125
0,44
0,445
0,44375
0,44
0,4375
0,44
0,45125
0,45375
0,44375
0,44375
0,445
0,425
0,43875
0,44375
0,44375
0,4475
0,44625
0,45
0,44375
0,42125
0,445
0,44875
0,445
0,445
0,46125
0,4375
0,44625
0,43875
0,445
0,445
0,445
0,44875
0,45375
0,45875
0,44875
0,45125
0,4475
0,45375
0,4475
0,45125
0,45
0,44375
0,4325
0,44375
0,4475
0,45375
0,44875
0,4475
0,4475
0,46
0,46875
0,45125
0,455
0,44875
0,45625
0,4525
0,44375
0,45125
0,4525
0,45
0,4475
0,4525
0,45375
0,4425
0,4425
0,4525
0,455
0,45
0,4525
0,45625
0,44125
0,46625
0,45375
0,45375
0,455
0,455
0,45
0,45625
0,4675
0,44625
0,45625
0,455
0,45125
0,455
0,45
0,43625
0,45
0,45375
0,455
0,43875
0,425
0,45
0,45
0,455
0,4425
0,4575
0,4675
0,475
0,4475
0,46375
0,44375
0,46125
0,45625
0,45125
0,46
0,44125
0,465
0,4575
0,45875
0,44875
0,45875
0,45875
0,46125
0,4675
0,44125
0,45875
0,4525
0,46
0,46
0,45875
0,45875
0,47125
0,46
0,45
0,46375
0,45875
0,46625
0,4725
0,45
0,45
0,4425
0,4775
0,4625
0,46375
0,47
0,45625
0,45
0,46375
0,465
0,465
0,46125
0,45625
0,47125
0,45
0,46125
0,465
0,4625
0,4675
0,46
0,4575
0,48375
0,45625
0,46375
0,465
0,46625
0,4625
0,45875
0,46125
0,46375
0,46625
0,46625
0,475
0,455
0,4675
0,47
0,46625
0,4675
0,46625
0,46375
0,46625
0,45125
0,47125
0,4675
0,47375
0,46875
0,46625
0,47
0,47
0,4725
0,46625
0,47125
0,4675
0,47
0,46875
0,47
0,47375
0,4525
0,46
0,4675
0,46875
0,47125
0,465
0,455
0,48375
0,47
0,4725
0,4725
0,47
0,47
0,4725
0,4775
0,4875
0,46625
0,47625
0,4725
0,4725
0,4725
0,45375
0,47375
0,455
0,475
0,4725
0,475
0,45625
0,47625
0,47125
0,48625
0,4725
0,475
0,475
0,475
0,47125
0,47375
0,4675
0,47625
0,48375
0,475
0,48
0,4775
0,475
0,475
0,4775
0,47625
0,48125
0,48375
0,48
0,48
0,485
0,4775
0,4725
0,4825
0,48125
0,48875
0,485
0,49125
0,4775
0,47875
0,47125
0,48625
0,48
0,46625
0,47375
0,47625
0,47
0,47625
0,48125
0,47875
0,47875
0,4925
0,47375
0,49625
0,4825
0,485
0,48125
0,4775
0,4875
0,495
0,4825
0,48125
0,47875
0,48375
0,48625
0,47875
0,485
0,4675
0,49375
0,48125
0,48375
0,4825
0,49125
0,4725
0,46125
0,51
0,48375
0,48375
0,48375
0,48875
0,4725
0,49625
0,4825
0,475
0,48375
0,485
0,4875
0,48875
0,47125
0,48625
0,485
0,485
0,48625
0,48875
0,4925
0,495
0,48625
0,49375
0,485
0,48625
0,4875
0,48625
0,48
0,4975
0,48875
0,4875
0,49
0,49
0,46375
0,4775
0,47375
0,495
0,49
0,49
0,48875
0,48
0,5
0,49125
0,4775
0,49625
0,48875
0,49125
0,48875
0,49
0,49
0,5
0,48
0,49625
0,49125
0,4925
0,485
0,47125
0,49625
0,50875
0,4975
0,49375
0,49125
0,51125
0,4925
0,49125
0,48875
0,49625
0,485
0,5
0,49375
0,49125
0,4925
0,49
0,505
0,485
0,4925
0,5
0,49125
0,495
0,49875
0,4925
0,49875
0,49375
0,495
0,49375
0,5075
0,5025
0,47875
0,49375
0,4975
0,495
0,5
0,4975
0,48125
0,49
0,52
0,49875
0,49625
0,4975
0,49875
0,50125
0,515
0,49875
0,4975
0,4925
0,5025
0,49625
0,49125
0,48125
0,4875
0,5075
0,5
0,5
0,49875
0,49875
0,5075
0,5075
0,48125
0,5
0,5
0,5
0,5
0,495
0,50125
0,49875
0,47375
0,50375
0,49625
0,5025
0,5025
0,49875
0,51125
0,4925
0,5025
0,5025
0,5075
0,505
0,50125
0,5
0,4975
0,49
0,505
0,50375
0,4975
0,50375
0,50375
0,5125
0,51375
0,50125
0,505
0,505
0,505
0,505
0,5075
0,5025
0,50625
0,5075
0,50625
0,505
0,5125
0,49875
0,5075
0,5075
0,5075
0,50625
0,505
0,51375
0,49625
0,51125
0,5075
0,49375
0,5125
0,50875
0,515
0,49375
0,50625
0,50625
0,50875
0,51
0,51125
0,5075
0,5075
0,5125
0,4875
0,51
0,5125
0,5175
0,5075
0,5175
0,5125
0,50875
0,49875
0,51375
0,5125
0,5075
0,51125
0,53375
0,52125
0,5375
0,51625
0,51375
0,51375
0,51875
0,51875
0,51875
0,49375
0,52625
0,545
0,51625
0,5175
0,51875
0,51625
0,55
0,5025
0,505
0,50875
0,5275
0,5175
0,52
0,51875
0,52625
0,5275
0,52
0,52
0,52
0,52375
0,5225
0,53
0,52125
0,52875
0,5225
0,5225
0,525
0,51875
0,53125
0,51875
0,52375
0,52375
0,525
0,5175
0,53125
0,52125
0,5425
0,52625
0,52625
0,52625
0,525
0,53375
0,5225
0,51625
0,54375
0,53875
0,5475
0,52875
0,50625
0,53
0,52625
0,51375
0,53625
0,5175
0,52875
0,53125
0,5325
0,5575
0,54125
0,54625
0,53
0,53
0,5325
0,53125
0,5325
0,5225
0,55625
0,5225
0,52625
0,5325
0,5325
0,5325
0,53125
0,5275
0,53875
0,5325
0,53125
0,53
0,53375
0,53375
0,5275
0,53375
0,555
0,54875
0,5325
0,535
0,53375
0,535
0,535
0,5175
0,535
0,53375
0,535
0,5375
0,53875
0,55125
0,5425
0,53625
0,5325
0,5325
0,53625
0,53375
0,54625
0,56
0,545
0,53625
0,5375
0,53375
0,53375
0,51625
0,555
0,5475
0,53875
0,54
0,5375
0,54
0,53375
0,53375
0,53375
0,5325
0,5475
0,5375
0,55
0,5375
0,54125
0,55375
0,56
0,53375
0,5425
0,54
0,53875
0,5575
0,5375
0,54875
0,55625
0,54125
0,5425
0,54125
0,53625
0,5425
0,56
0,515
0,53875
0,54125
0,5425
0,54375
0,54375
0,5425
0,54125
0,5525
0,54
0,54
0,54375
0,54375
0,54375
0,53125
0,53
0,5325
0,545
0,545
0,54375
0,54625
0,53875
0,56
0,54625
0,54625
0,54625
0,5425
0,5425
0,555
0,5425
0,5475
0,54875
0,5475
0,5475
0,55125
0,5675
0,54375
0,55625
0,55
0,54875
0,54875
0,5525
0,575
0,545
0,5525
0,5475
0,55
0,55125
0,54875
0,55125
0,5525
0,5525
0,55875
0,56125
0,55125
0,55375
0,54625
0,55
0,55125
0,55625
0,55375
0,5525
0,555
0,55875
0,5525
0,54875
0,55875
0,5675
0,55625
0,54375
0,555
0,5625
0,5475
0,5575
0,54625
0,5525
0,5525
0,5525
0,55625
0,55375
0,5525
0,565
0,5475
0,55
0,55625
0,555
0,55375
0,5575
0,57625
0,55
0,55875
0,5575
0,55625
0,555
0,55125
0,56
0,5725
0,55625
0,555
0,5575
0,5775
0,56625
0,55
0,56625
0,55375
0,55875
0,55875
0,55875
0,54125
0,55625
0,54625
0,5575
0,56
0,56125
0,56125
0,55875
0,55875
0,565
0,5675
0,53625
0,5825
0,55625
0,5675
0,54875
0,56
0,5675
0,57375
0,56125
0,56125
0,56375
0,56625
0,56875
0,55625
0,55375
0,5525
0,56125
0,5625
0,56375
0,56375
0,57625
0,55625
0,5475
0,55875
0,56625
0,56
0,56375
0,56375
0,565
0,54
0,56875
0,55625
0,56625
0,56625
0,5675
0,56625
0,57125
0,575
0,55875
0,5675
0,56625
0,5675
0,5675
0,57375
0,5925
0,5675
0,56625
0,5625
0,5725
0,55625
0,57125
0,56625
0,57625
0,56375
0,56875
0,5675
0,56375
0,58
0,55625
0,57
0,57
0,57125
0,57
0,57
0,565
0,61375
0,58375
0,56625
0,57125
0,57
0,57125
0,57
0,5675
0,57625
0,6
0,57375
0,57375
0,5725
0,57375
0,57375
0,57875
0,5675
0,5625
0,57375
0,57375
0,5725
0,575
0,5725
0,54875
0,57
0,57375
0,575
0,575
0,5725
0,57625
0,58875
0,59125
0,56875
0,5775
0,57625
0,575
0,58125
0,58
0,58
0,5625
0,55875
0,5775
0,575
0,57875
0,57875
0,55125
0,58625
0,5775
0,58
0,565
0,55625
0,58375
0,565
0,6125
0,5775
0,57875
0,57875
0,57875
0,58625
0,56875
0,59
0,5825
0,58125
0,58
0,5775
0,57875
0,5975
0,56625
0,5875
0,58125
0,5825
0,59125
0,585
0,58125
0,585
0,58875
0,57875
0,575
0,58125
0,57875
0,58125
0,585
0,585
0,5925
0,59
0,57375
0,58375
0,58375
0,5975
0,5925
0,57125
0,59625
0,58375
0,585
0,5875
0,57375
0,58625
0,58125
0,58875
0,595
0,5875
0,5875
0,58625
0,58625
0,5925
0,5875
0,57625
0,59875
0,5825
0,6
0,5875
0,58875
0,58375
0,5975
0,58375
0,58625
0,5875
0,58375
0,59
0,5975
0,58125
0,58625
0,58875
0,5875
0,58625
0,6125
0,58875
0,59875
0,58875
0,58875
0,59
0,59
0,5875
0,58625
0,5475
0,59875
0,59
0,59125
0,59125
0,60125
0,5725
0,59125
0,57375
0,5775
0,59375
0,57875
0,5925
0,59375
0,59
0,5875
0,61
0,58125
0,59375
0,595
0,59375
0,59375
0,595
0,5775
0,595
0,6
0,59375
0,5925
0,59375
0,60375
0,59875
0,59875
0,6
0,5775
0,6
0,59625
0,5975
0,58875
0,59625
0,5775
0,59875
0,59625
0,595
0,5975
0,5975
0,6
0,61
0,585
0,57875
0,595
0,59875
0,59875
0,5925
0,605
0,60125
0,59375
0,6
0,5975
0,6225
0,5925
0,58375
0,59875
0,59875
0,60375
0,60125
0,6
0,61125
0,60375
0,6
0,60125
0,60125
0,6025
0,5925
0,59625
0,61375
0,6
0,60375
0,60125
0,605
0,60375
0,6025
0,6125
0,61625
0,62
0,62
0,605
0,60875
0,60375
0,61
0,595
0,62875
0,605
0,60375
0,60375
0,60375
0,6025
0,615
0,6075
0,6175
0,6025
0,59375
0,605
0,6075
0,6075
0,61
0,61
0,595
0,6075
0,60625
0,60875
0,60625
0,60125
0,59875
0,6025
0,605
0,60625
0,61
0,61
0,60625
0,61125
0,63375
0,62875
0,61
0,61
0,61125
0,61125
0,60875
0,60625
0,61
0,6125
0,61125
0,61125
0,6075
0,61875
0,6125
0,6125
0,6125
0,61125
0,61125
0,61125
0,6175
0,61
0,61625
0,6125
0,61375
0,61375
0,6125
0,62125
0,61125
0,60125
0,605
0,61375
0,615
0,615
0,615
0,625
0,60625
0,61375
0,61625
0,6075
0,6175
0,61875
0,62375
0,6325
0,62125
0,6175
0,61875
0,6175
0,61875
0,6175
0,62
0,61625
0,60875
0,60625
0,6175
0,62
0,6175
0,59625
0,605
0,62375
0,6275
0,62
0,6175
0,62125
0,6225
0,6225
0,59375
0,61125
0,64125
0,62125
0,62125
0,6225
0,61875
0,6175
0,60375
0,6225
0,62125
0,62125
0,6225
0,62
0,61625
0,6275
0,625
0,62375
0,62375
0,625
0,6225
0,62
0,61875
0,6075
0,62375
0,62625
0,625
0,62
0,64
0,61125
0,60875
0,61875
0,62375
0,625
0,61125
0,63
0,61625
0,61875
0,61125
0,62875
0,6275
0,6275
0,6275
0,6175
0,63875
0,62125
0,63
0,63
0,62875
0,63
0,62375
0,61125
0,62
0,6325
0,62625
0,63
0,63125
0,63
0,62625
0,63375
0,66625
0,65125
0,63125
0,63125
0,625
0,6325
0,64125
0,63
0,61875
0,62
0,63375
0,62625
0,63375
0,63125
0,63125
0,6125
0,6425
0,6325
0,6325
0,62875
0,63125
0,64125
0,64
0,6375
0,63375
0,635
0,635
0,6375
0,61625
0,6675
0,63875
0,635
0,63375
0,63375
0,635
0,63625
0,65125
0,64125
0,63875
0,63875
0,635
0,645
0,63875
0,63375
0,63
0,62875
0,63875
0,64
0,63875
0,6375
0,64125
0,64
0,63
0,62
0,64
0,6425
0,64125
0,64
0,6425
0,61625
0,62875
0,66375
0,6475
0,6425
0,645
0,645
0,6375
0,6575
0,64375
0,6525
0,64375
0,645
0,64375
0,64875
0,6425
0,63875
0,62875
0,64375
0,64
0,6475
0,645
0,64625
0,65625
0,65125
0,63625
0,66
0,645
0,6475
0,6475
0,64375
0,63625
0,6575
0,63
0,64375
0,65
0,64875
0,64375
0,63125
0,655
0,65125
0,64625
0,64875
0,65
0,65
0,64625
0,66
0,665
0,64875
0,65125
0,65125
0,6575
0,64625
0,64625
0,65125
0,6575
0,65875
0,65125
0,6525
0,65625
0,64875
0,6525
0,62875
0,65875
0,6525
0,65
0,65625
0,65375
0,655
0,64125
0,65375
0,65875
0,65375
0,6525
0,65375
0,65375
0,6625
0,64375
0,6525
0,65125
0,65375
0,65625
0,6575
0,65625
0,64
0,665
0,63375
0,67
0,65625
0,65625
0,6575
0,65875
0,6575
0,66375
0,64625
0,645
0,6575
0,6575
0,65875
0,66
0,66375
0,66375
0,66125
0,66
0,65875
0,66125
0,63375
0,67875
0,66125
0,66125
0,66
0,66125
0,66125
0,66
0,625
0,66
0,65875
0,6625
0,66
0,66125
0,66875
0,66
0,67125
0,6475
0,65875
0,6775
0,6625
0,665
0,66125
0,6625
0,66
0,67125
0,665
0,6625
0,66375
0,6625
0,67
0,66
0,65375
0,665
0,66375
0,66375
0,665
0,65875
0,6575
0,6775
0,6725
0,66625
0,6675
0,66625
0,66625
0,6675
0,66875
0,655
0,6725
0,6675
0,66375
0,6675
0,6675
0,67375
0,6775
0,6625
0,6675
0,6675
0,67
0,66875
0,67125
0,67375
0,67625
0,6625
0,66875
0,67125
0,65
0,6975
0,66625
0,67625
0,67125
0,67
0,67
0,66875
0,67
0,6525
0,65375
0,655
0,67125
0,67125
0,675
0,69
0,6825
0,67125
0,6725
0,6875
0,67
0,67375
0,675
0,67375
0,67375
0,67
0,6575
0,70875
0,6575
0,67625
0,675
0,675
0,675
0,67875
0,67
0,675
0,675
0,67625
0,675
0,68125
0,6775
0,6725
0,6825
0,6825
0,7
0,6775
0,67625
0,6975
0,65125
0,675
0,67875
0,70125
0,675
0,67875
0,6775
0,68125
0,675
0,6725
0,6775
0,67875
0,68
0,68125
0,67625
0,69
0,67625
0,69
0,6925
0,67875
0,68125
0,68
0,67
0,6925
0,68125
0,68125
0,6825
0,6825
0,685
0,67125
0,68625
0,685
0,6825
0,67875
0,68375
0,68375
0,67375
0,69125
0,67375
0,685
0,68625
0,68375
0,68375
0,685
0,6975
0,6775
0,675
0,6825
0,6825
0,68625
0,68625
0,68875
0,68625
0,68875
0,6775
0,66625
0,6875
0,66625
0,68375
0,705
0,6825
0,68
0,6875
0,6875
0,68875
0,68875
0,68875
0,69875
0,71125
0,665
0,70125
0,7025
0,69125
0,68875
0,69
0,70625
0,66875
0,69125
0,70125
0,6825
0,69
0,69125
0,7
0,6725
0,70375
0,69875
0,66375
0,69125
0,69125
0,68875
0,68875
0,6925
0,67125
0,69125
0,69125
0,6925
0,6925
0,68875
0,69875
0,68875
0,695
0,695
0,69
0,69625
0,7
0,695
0,70375
0,7025
0,695
0,6925
0,69875
0,695
0,69875
0,66875
0,685
0,70375
0,68625
0,7
0,6975
0,6975
0,695
0,67125
0,71375
0,68125
0,70625
0,69625
0,695
0,69125
0,7
0,7
0,6825
0,6975
0,695
0,6975
0,69875
0,7
0,7
0,67375
0,69125
0,70375
0,7
0,705
0,7025
0,69875
0,6925
0,68375
0,70625
0,72375
0,70125
0,70125
0,7025
0,70375
0,685
0,7125
0,69
0,70875
0,7025
0,7025
0,70375
0,69625
0,72
0,67875
0,70375
0,70625
0,70625
0,71
0,71875
0,73125
0,7025
0,705
0,70625
0,70375
0,6975
0,7325
0,7125
0,67875
0,70625
0,71
0,705
0,70625
0,7
0,71
0,7
0,7
0,70625
0,7075
0,70875
0,70875
0,70625
0,72125
0,69625
0,7225
0,7
0,7075
0,71
0,7075
0,73
0,705
0,705
0,7175
0,7075
0,71
0,71125
0,70625
0,71125
0,71625
0,72375
0,7075
0,71
0,71
0,71375
0,71
0,715
0,7175
0,72
0,71375
0,71375
0,71625
0,72875
0,71125
0,71
0,7175
0,70375
0,7025
0,71125
0,7125
0,71375
0,71375
0,7175
0,6975
0,7125
0,7175
0,7125
0,715
0,71875
0,70875
0,7325
0,71625
0,71625
0,71125
0,7175
0,71625
0,72
0,7125
0,71625
0,7175
0,7175
0,71625
0,7175
0,71875
0,73625
0,72125
0,7225
0,7175
0,7175
0,71875
0,71875
0,72125
0,73625
0,69875
0,72375
0,7325
0,72
0,72
0,72125
0,72125
0,72375
0,75
0,6925
0,72125
0,72125
0,72125
0,72
0,7225
0,7025
0,7125
0,72875
0,72125
0,72625
0,72375
0,72125
0,71875
0,7325
0,70875
0,72
0,72375
0,72375
0,7225
0,7225
0,70625
0,7375
0,73125
0,715
0,71
0,725
0,72625
0,72625
0,73125
0,73375
0,71
0,72625
0,72625
0,72375
0,725
0,72875
0,70875
0,7275
0,72625
0,72125
0,7225
0,72875
0,71375
0,71625
0,71875
0,72875
0,72875
0,7275
0,72875
0,7275
0,72
0,72375
0,73
0,73
0,73125
0,73
0,72625
0,7325
0,7275
0,72375
0,73875
0,73625
0,73
0,7325
0,7325
0,72875
0,72125
0,7125
0,73
0,73375
0,735
0,735
0,74375
0,73625
0,71375
0,72625
0,73625
0,7425
0,725
0,73625
0,74125
0,74625
0,75625
0,7425
0,7375
0,74
0,7375
0,73875
0,74375
0,73875
0,74875
0,74625
0,74
0,74
0,74
0,7425
0,7375
0,77125
0,71875
0,74625
0,74125
0,7425
0,7425
0,74
0,7425
0,745
0,7425
0,745
0,74375
0,7375
0,74625
0,7325
0,72125
0,745
0,745
0,74625
0,745
0,775
0,73
0,74875
0,73875
0,7475
0,745
0,7475
0,73625
0,74125
0,7475
0,77375
0,745
0,77
0,745
0,74375
0,74875
0,74875
0,74875
0,75375
0,75625
0,7475
0,75
0,75125
0,74875
0,75375
0,73
0,77375
0,75
0,7525
0,7525
0,75125
0,7525
0,75125
0,75
0,75625
0,755
0,75375
0,7525
0,75125
0,7525
0,7525
0,75625
0,75375
0,75625
0,7425
0,75375
0,75
0,7525
0,755
0,75625
0,76125
0,76
0,75625
0,755
0,7575
0,7525
0,73875
0,76875
0,755
0,75625
0,7575
0,75625
0,7475
0,74375
0,74125
0,73125
0,75875
0,7575
0,76
0,75875
0,75875
0,75125
0,7675
0,75875
0,7575
0,76875
0,7575
0,76
0,74875
0,78
0,7375
0,76
0,75125
0,76
0,76125
0,76125
0,76125
0,75625
0,75875
0,74625
0,76
0,76125
0,76125
0,76
0,76125
0,75625
0,77125
0,76875
0,76375
0,7625
0,76375
0,7675
0,7575
0,76375
0,7525
0,76875
0,765
0,76375
0,765
0,76125
0,765
0,75125
0,7775
0,7825
0,76375
0,76625
0,76625
0,76375
0,755
0,75625
0,77
0,77125
0,76625
0,7675
0,76625
0,7775
0,7525
0,765
0,7675
0,7675
0,7675
0,76875
0,77125
0,77375
0,76875
0,7475
0,77
0,7675
0,76875
0,76875
0,78875
0,7625
0,76375
0,77125
0,77
0,78125
0,76875
0,77625
0,7625
0,75875
0,76375
0,765
0,77125
0,7575
0,77
0,77125
0,7725
0,7825
0,7775
0,7575
0,7725
0,7725
0,77375
0,7725
0,7725
0,7775
0,7575
0,77875
0,77375
0,7775
0,77625
0,775
0,76625
0,7775
0,7625
0,78
0,77375
0,785
0,77625
0,775
0,785
0,79875
0,78625
0,75375
0,7775
0,775
0,77625
0,7675
0,78
0,76875
0,7675
0,76625
0,77875
0,77625
0,7775
0,77875
0,77375
0,785
0,77875
0,78
0,7825
0,755
0,7675
0,785
0,75875
0,7825
0,7775
0,78
0,78
0,755
0,78375
0,785
0,76875
0,78375
0,78
0,78125
0,77375
0,79
0,77875
0,78125
0,7925
0,7725
0,77875
0,7825
0,7875
0,78375
0,7825
0,78625
0,785
0,79125
0,78
0,785
0,785
0,78625
0,78875
0,78125
0,78375
0,78375
0,78625
0,78375
0,78625
0,78875
0,78875
0,79
0,795
0,79875
0,78625
0,78625
0,79125
0,7875
0,79875
0,81375
0,7775
0,76625
0,78875
0,77375
0,7875
0,7875
0,7875
0,7975
0,785
0,80125
0,78375
0,79125
0,79125
0,79125
0,78625
0,7775
0,79125
0,79125
0,7975
0,79
0,79125
0,79875
0,78
0,79
0,79125
0,7925
0,78875
0,7925
0,7925
0,8075
0,76875
0,80125
0,79
0,79625
0,795
0,79375
0,7925
0,805
0,78
0,8075
0,79375
0,78125
0,795
0,795
0,785
0,77625
0,7825
0,79375
0,79125
0,79625
0,80375
0,7975
0,79625
0,805
0,77625
0,78
0,79625
0,7975
0,7975
0,7975
0,7975
0,7925
0,795
0,8025
0,80125
0,79125
0,795
0,8
0,79875
0,80125
0,8075
0,785
0,8075
0,8
0,80125
0,7975
0,80625
0,7975
0,79625
0,79
0,80375
0,80375
0,8025
0,8025
0,8025
0,81125
0,80875
0,8
0,80375
0,8025
0,8125
0,8025
0,81
0,7925
0,805
0,8025
0,80375
0,80375
0,8025
0,795
0,79125
0,80375
0,80375
0,8075
0,805
0,805
0,8025
0,81
0,81875
0,8125
0,8175
0,80875
0,81
0,8075
0,80625
0,8075
0,8025
0,82625
0,80875
0,8075
0,8075
0,80875
0,80875
0,81125
0,8075
0,77875
0,8075
0,80875
0,81
0,81125
0,80375
0,8025
0,8075
0,8025
0,8125
0,8125
0,81
0,80875
0,8225
0,81125
0,805
0,79625
0,815
0,8125
0,8125
0,81625
0,81125
0,8225
0,8125
0,80875
0,84125
0,81375
0,81375
0,81375
0,815
0,825
0,8125
0,81125
0,815
0,815
0,81875
0,82
0,81875
0,8275
0,815
0,81625
0,81875
0,81125
0,81875
0,81375
0,81625
0,8125
0,82125
0,81875
0,81625
0,81625
0,82
0,795
0,81125
0,83375
0,81625
0,81625
0,81875
0,81875
0,81875
0,82125
0,81875
0,82625
0,825
0,82
0,82
0,82125
0,82625
0,8175
0,79625
0,82875
0,82
0,82
0,8225
0,82125
0,8225
0,82125
0,8375
0,8025
0,82125
0,8225
0,8225
0,8225
0,8225
0,84875
0,8175
0,80375
0,82
0,8225
0,82375
0,8275
0,825
0,81375
0,8225
0,82125
0,80125
0,825
0,825
0,825
0,8125
0,84
0,83
0,825
0,8275
0,8275
0,82875
0,83125
0,8325
0,83
0,82625
0,8275
0,8275
0,82875
0,8075
0,8275
0,8275
0,835
0,82875
0,83
0,83625
0,82875
0,83
0,8275
0,81375
0,82875
0,84
0,84375
0,825
0,83
0,83
0,83125
0,81375
0,8225
0,82375
0,83
0,8325
0,8325
0,83125
0,80625
0,835
0,82125
0,83125
0,83375
0,8325
0,83375
0,835
0,83125
0,82875
0,82625
0,8325
0,835
0,835
0,835
0,83625
0,84125
0,84125
0,82625
0,83125
0,82
0,835
0,835
0,83625
0,8375
0,84375
0,83625
0,835
0,835
0,83375
0,83875
0,84125
0,83375
0,81875
0,8375
0,83875
0,84125
0,84125
0,84125
0,8375
0,8425
0,84125
0,8325
0,84625
0,8425
0,84125
0,8525
0,83875
0,835
0,85
0,84375
0,84125
0,8425
0,8425
0,85625
0,84875
0,85125
0,83125
0,81875
0,845
0,85125
0,8425
0,84375
0,8475
0,84125
0,83125
0,8425
0,84875
0,8475
0,845
0,8425
0,855
0,83875
0,84375
0,83
0,84625
0,84875
0,83125
0,83625
0,8725
0,8475
0,8325
0,85375
0,84875
0,84875
0,84875
0,85
0,8575
0,85625
0,84625
0,86125
0,85
0,85
0,8475
0,85125
0,85375
0,8625
0,845
0,8525
0,8525
0,85375
0,85375
0,84375
0,84125
0,8725
0,85375
0,85375
0,855
0,84
0,8525
0,86
0,83625
0,8475
0,855
0,855
0,855
0,85875
0,855
0,84375
0,8425
0,8775
0,85625
0,855
0,85375
0,855
0,855
0,84875
0,845
0,86625
0,855
0,8575
0,85875
0,85875
0,8575
0,8575
0,84625
0,8825
0,85875
0,85875
0,8575
0,8475
0,85875
0,83875
0,865
0,8675
0,855
0,85875
0,86
0,86
0,85875
0,87125
0,87125
0,86
0,86
0,86125
0,86125
0,8625
0,875
0,855
0,85875
0,83125
0,85875
0,86375
0,86375
0,8625
0,8625
0,87125
0,8625
0,86
0,865
0,865
0,84625
0,86875
0,865
0,86
0,865
0,86375
0,86125
0,84375
0,87375
0,84875
0,86625
0,84375
0,865
0,865
0,8675
0,865
0,8625
0,86
0,87125
0,865
0,8675
0,86125
0,86625
0,8425
0,85125
0,87
0,865
0,8575
0,86625
0,87
0,87
0,87
0,8725
0,8625
0,875
0,85375
0,8725
0,8675
0,86
0,8675
0,87625
0,89125
0,86875
0,88625
0,87
0,87375
0,8775
0,87375
0,89125
0,87625
0,88
0,85875
0,8725
0,86875
0,87375
0,87375
0,87375
0,87375
0,875
0,87375
0,87125
0,8725
0,87
0,8725
0,88125
0,875
0,88375
0,8875
0,87625
0,87375
0,875
0,875
0,8675
0,87125
0,875
0,87
0,87625
0,8875
0,88125
0,87125
0,87125
0,8675
0,87625
0,88
0,88
0,875
0,87625
0,88875
0,86875
0,8775
0,8775
0,87875
0,87875
0,8775
0,87375
0,885
0,8925
0,8775
0,86875
0,87875
0,88375
0,88
0,88125
0,8775
0,8575
0,87375
0,87875
0,88125
0,88
0,8825
0,8825
0,8875
0,89125
0,88375
0,88125
0,88
0,88
0,88
0,86875
0,8925
0,88875
0,885
0,88125
0,8825
0,8825
0,885
0,885
0,885
0,87875
0,8925
0,87625
0,88375
0,885
0,885
0,885
0,8825
0,89875
0,89125
0,88375
0,8875
0,88625
0,885
0,89
0,8875
0,87875
0,8725
0,89125
0,8875
0,89
0,8975
0,885
0,87375
0,88875
0,8875
0,885
0,88875
0,88
0,8875
0,87
0,88
0,895
0,89125
0,89
0,8875
0,89375
0,88875
0,89125
0,895
0,8725
0,89
0,89375
0,89
0,89
0,89125
0,88875
0,9025
0,90375
0,88875
0,8925
0,8925
0,895
0,89
0,87125
0,89125
0,90125
0,8925
0,8925
0,8925
0,89875
0,88875
0,8775
0,89
0,8875
0,895
0,89625
0,9025
0,89875
0,90625
0,895
0,89375
0,875
0,88875
0,895
0,89625
0,895
0,8975
0,90625
0,89125
0,8775
0,89625
0,89625
0,89625
0,89625
0,91625
0,90875
0,90125
0,89375
0,89875
0,8975
0,88625
0,8925
0,89
0,88625
0,9
0,9
0,90125
0,9
0,9
0,87125
0,88875
0,8875
0,90375
0,9
0,9
0,9
0,9025
0,895
0,91625
0,9025
0,88875
0,9
0,90625
0,90125
0,90375
0,9025
0,90375
0,915
0,91375
0,9
0,90375
0,90375
0,905
0,91125
0,925
0,8925
0,905
0,91375
0,9025
0,90625
0,90625
0,90875
0,885
0,92
0,90625
0,90625
0,9075
0,895
0,90625
0,905
0,90125
0,92125
0,89875
0,90375
0,92375
0,9
0,9075
0,91875
0,9125
0,90375
0,8975
0,9075
0,905
0,90875
0,91875
0,8925
0,91625
0,905
0,9
0,91
0,91875
0,9075
0,9175
0,90875
0,91875
0,90625
0,9125
0,90875
0,91375
0,9125
0,9125
0,9175
0,92625
0,92
0,91125
0,9125
0,90875
0,91125
0,91375
0,91
0,915
0,90625
0,91375
0,91375
0,90875
0,9175
0,91375
0,91125
0,9175
0,91375
0,9225
0,915
0,91125
0,91625
0,91625
0,9075
0,91
0,91375
0,92
0,91625
0,91625
0,915
0,9125
0,9175
0,915
0,92625
0,93
0,89875
0,915
0,915
0,9175
0,9075
0,90125
0,91
0,905
0,935
0,90875
0,92125
0,92125
0,91875
0,92
0,93
0,93
0,92125
0,92
0,92125
0,91875
0,9225
0,92375
0,9
0,92
0,92
0,92125
0,93125
0,92375
0,93
0,9125
0,91625
0,9225
0,92375
0,9125
0,925
0,915
0,9425
0,905
0,9175
0,925
0,905
0,92
0,9275
0,925
0,92875
0,9125
0,9175
0,915
0,92375
0,92625
0,925
0,9275
0,925
0,93
0,93125
0,9275
0,92625
0,92625
0,92375
0,92875
0,9225
0,91875
0,9225
0,92
0,92875
0,93
0,9275
0,92875
0,92625
0,92625
0,91875
0,9375
0,93
0,92875
0,93
0,93
0,92625
0,95125
0,9325
0,9375
0,90875
0,92875
0,93125
0,93375
0,92125
0,9475
0,92375
0,93375
0,93125
0,93
0,9475
0,91625
0,94125
0,92875
0,935
0,93375
0,93375
0,935
0,95875
0,94875
0,91625
0,95625
0,93375
0,93375
0,9325
0,93375
0,93625
0,915
0,93125
0,9325
0,9375
0,94
0,93625
0,93625
0,9375
0,93875
0,94
0,94625
0,925
0,92125
0,93875
0,93875
0,93625
0,94
0,95125
0,9475
0,9625
0,94125
0,94
0,94375
0,94125
0,94
0,95125
0,95625
0,935
0,955
0,9375
0,94625
0,9425
0,93875
0,945
0,94125
0,93
0,95
0,945
0,94375
0,945
0,9425
0,945
0,9425
0,95
0,94875
0,9475
0,95
0,9575
0,9425
0,94625
0,96
0,93875
0,9475
0,945
0,9475
0,9475
0,9475
0,945
0,9425
0,95125
0,94875
0,94625
0,94875
0,9525
0,95875
1,0025
0,9475
0,93875
0,95125
0,95
0,94875
0,95125
0,95375
0,96625
0,95625
0,94375
0,96125
0,9525
0,95
0,95125
0,95
0,9475
0,9475
0,935
0,93875
0,955
0,9575
0,95375
0,9525
0,935
0,9625
0,94875
0,94375
0,955
0,955
0,955
0,9725
0,94375
0,9525
0,94125
0,96125
0,95625
0,955
0,955
0,96
0,9675
0,95375
0,945
0,96625
0,9575
0,93625
0,95375
0,9575
0,95625
0,95375
0,965
0,93625
0,9625
0,95875
0,95875
0,955
0,9475
0,95375
0,96625
0,9575
0,95625
0,9575
0,96
0,9575
0,9675
0,965
0,9475
0,95875
0,96125
0,96125
0,96875
0,95875
0,965
0,975
0,965
0,9625
0,96
0,97375
0,96
0,9625
0,9625
0,965
0,9475
0,9425
0,96125
0,9625
0,96375
0,975
0,9625
0,9725
0,9575
0,96375
0,96375
0,965
0,965
0,965
0,96125
0,96125
0,95875
0,96875
0,965
0,96625
0,96625
0,96625
0,96625
0,96125
0,9675
0,94625
0,96125
0,9675
0,96625
0,96625
0,96875
0,94625
0,965
0,9625
0,9675
0,9675
0,965
0,96625
0,96875
0,96875
0,97625
0,965
0,98875
0,96875
0,97
0,96625
0,97125
0,96625
0,95125
0,97125
0,97125
0,97125
0,97875
0,97125
0,96875
0,985
0,97125
0,97625
0,9725
0,9725
0,9725
0,9725
0,975
0,97375
0,99
0,99375
0,96625
0,975
0,9725
0,9675
0,97375
0,9725
0,975
0,99
0,98875
0,9775
0,97375
0,975
0,97375
0,97875
0,9725
0,9825
0,975
0,96625
0,975
0,97625
0,965
0,99375
0,99875
0,9875
0,96375
0,9825
0,9775
0,98375
0,9875
0,98
0,97625
0,99125
0,97375
0,96
0,97875
0,96625
0,9775
0,9775
0,9775
0,9675
0,99125
0,965
0,9825
0,98
0,98
0,98
0,99
0,9825
0,99625
0,98125
0,98125
0,98125
0,98125
0,985
0,98625
0,98375
0,99125
0,98125
0,98125
0,9825
1,005
0,97875
0,985
0,995
1,00875
0,98375
0,98375
0,98125
0,985
0,9875
0,98375
0,9975
0,98
0,98875
0,985
0,985
0,9875
0,9725
0,985
0,995
0,98375
1
1,01125
0,98625
0,9675
0,985
0,99125
0,98625
0,98125
0,99625
0,98625
0,9875
0,9875
0,98875
0,99
0,99125
1,005
0,99375
0,96625
0,9875
0,985
0,98875
0,9775
0,9925
0,98625
0,9925
0,9825
0,98875
0,99375
0,99
0,9925
0,99125
0,99125
0,9825
0,98375
0,99125
0,99
0,9925
0,9925
0,9925
0,99625
1,0025
0,9925
0,9925
0,99125
0,99375
0,9975
0,98875
0,97125
0,9975
0,995
0,99375
0,995
0,995
0,99375
0,99125
0,99375
1,0075
0,99625
0,995
0,9925
0,98875
0,99375
0,995
1
0,98875
